# --------------------#
#    TEMPERATURDATA 
# --------------------#
#    Sala väderstation    #
#    Datum: 2018-04-14  
#
*   Tidpunkt vid mätseriens början:
15.37
& Mätserie start
        0      164
       29      168
       58      168
       94      167
      119      171
      152      170
      178      172
      209      170
      238      181
      268      182
      297      169
      330      158
      362      152
      390      147
      418      139
      450      136
      480      131
      512      128
      536      123
      569      124
      600      123
      629      119
      661      114
      686      111
      718      110
      748      105
      780      104
      809      103
      838       99
      870       97
      902       95
      931       93
      962       92
      990       91
     1019       92
     1051       93
     1080       96
     1109      102
     1138      107
     1169      110
     1201      113
     1230      122
     1259      126
     1289      134
     1321      139
     1350      149
     1383      155
     1411      166
$ Mätserie stop
