# --------------------#
#    TEMPERATURDATA 
# --------------------#
#    Nacka väderstation    #
#    Datum: 2018-03-03  
#
*   Tidpunkt vid mätseriens början:
16.03
& Mätserie start
       0    139
      31    136
      60    135
      92    134
     118    130
     151    140
     178    140
     207    131
     240    126
     269    125
     299    120
     330    118
     361    117
     389    114
     420    110
     449    107
     482    104
     511    103
     538    102
     570    100
     600     98
     630     97
     662     95
     688     94
     718     92
     747     92
     782     90
     810     91
     839     94
     870    100
     900    110
     930    116
     960    123
     991    127
    1020    130
    1052    136
    1078    139
    1107    143
    1137    150
    1167    151
    1199    153
    1229    154
    1259    155
    1291    155
    1320    155
    1351    148
    1382    140
    1412    136
$ Mätserie stop
